1 метр
----------
2 метра
Никольская улица: 1, 2, 3, 4, 6, 16, 18, 8, 14, 10, 28, 119, 49, 51, 63, 54, 80, 79, 81, 83, 93, 84, 82, 86, 94, 101, 103, 109, 112, 113, 118, 108, 107, 116, 117, 117А
Церковь Петра и Павла
3 метра
Никольская улица: 1, 2, 3, 4, 6, 16, 18, 8, 14, 10, 28, 119, 49, 51, 63, 54, 80, 79, 81, 83, 93, 84, 82, 86, 94, 101, 103, 109, 112, 113, 118, 108, 107, 36, 35, 31, 33, 39, 56, 64, 69, 66, 68, 71, 111, 89, 80, 105, 116, 117, 117А
Церковь Петра и Павла
4 метра
Никольская улица: 1, 2, 3, 4, 6, 16, 18, 8, 14, 10, 28, 119, 49, 51, 63, 54, 80, 79, 81, 83, 93, 84, 82, 86, 94, 101, 103, 109, 112, 113, 118, 108, 107, 36, 35, 31, 33, 39, 56, 64, 69, 66, 68, 71, 111, 89, 80, 105, 116, 117, 117А, 43, 44, 42, 45, 41, 37, 73, 74, 76, 77, 75, 46, 78
Церковь Петра и Павла
Успенская улица: 40, 11
5 метров
Никольская улица: 1, 2, 3, 4, 6, 16, 18, 8, 14, 10, 28, 119, 49, 51, 63, 54, 80, 79, 81, 83, 93, 84, 82, 86, 94, 101, 103, 109, 112, 113, 118, 108, 107, 36, 35, 31, 33, 39, 56, 64, 69, 66, 68, 71, 111, 89, 80, 105, 116, 117, 117А, 43, 44, 42, 45, 41, 37, 73, 74, 76, 77, 75, 46, 78
Церковь Петра и Павла
Успенская улица: 40, 11, 12, 41, 55, 59, 23, 27, 25, 29, 31, 33, 80
Часовня Уара
Церковь Сергия Радонежского
Церковь Афанасия Великого
Успенская церковь
6 метров
Никольская улица: 1, 2, 3, 4, 6, 16, 18, 8, 14, 10, 28, 119, 49, 51, 63, 54, 80, 79, 81, 83, 93, 84, 82, 86, 94, 101, 103, 109, 112, 113, 118, 108, 107, 36, 35, 31, 33, 39, 56, 64, 69, 66, 68, 71, 111, 89, 80, 105, 116, 117, 117А, 43, 44, 42, 45, 41, 37, 73, 74, 76, 77, 75, 46, 78
Церковь Петра и Павла
Успенская улица: 40, 11, 12, 41, 55, 59, 23, 27, 25, 29, 31, 33, 80, 79, 38, 36, 34, 32, 30, 28
Часовня Уара
Церковь Сергия Радонежского
Церковь Афанасия Великого
Успенская церковь
7 метров
Никольская улица: 1, 2, 3, 4, 6, 16, 18, 8, 14, 10, 28, 119, 49, 51, 63, 54, 80, 79, 81, 83, 93, 84, 82, 86, 94, 101, 103, 109, 112, 113, 118, 108, 107, 36, 35, 31, 33, 39, 56, 64, 69, 66, 68, 71, 111, 89, 80, 105, 116, 117, 117А, 43, 44, 42, 45, 41, 37, 73, 74, 76, 77, 75, 46, 78
Церковь Петра и Павла
Успенская улица: 40, 11, 12, 41, 55, 59, 23, 27, 25, 29, 31, 33, 80, 79, 38, 36, 34, 32, 30, 28, 75
Часовня Уара
Церковь Сергия Радонежского
Церковь Афанасия Великого
Успенская церковь
