1 метр
ДНП Лапландия
2 метра
ДНП Лапландия
Набережная улица: 7, 9, 11, 13, 15
3 метра
ДНП Лапландия
Набережная улица: 7, 9, 11, 13, 15, 16, 18, 20, 21
4 метра
ДНП Лапландия
Набережная улица: 7, 9, 11, 13, 15, 16, 18, 20, 21
5 метров
ДНП Лапландия
Набережная улица: 7, 9, 11, 13, 15, 16, 18, 20, 21
6 метров
ДНП Лапландия
Набережная улица: 7, 9, 11, 13, 15, 16, 18, 20, 21, 10, 12, 14
7 метров
ДНП Лапландия
Набережная улица: 7, 9, 11, 13, 15, 16, 18, 20, 21, 10, 12, 14, 8
8 метров
ДНП Лапландия
Набережная улица: 7, 9, 11, 13, 15, 16, 18, 20, 21, 10, 12, 14, 8
9 метров
ДНП Лапландия
Набережная улица: 7, 9, 11, 13, 15, 16, 18, 20, 21, 10, 12, 14, 8
10 метров
ДНП Лапландия
Набережная улица: 7, 9, 11, 13, 15, 16, 18, 20, 21, 10, 12, 14, 8
Заводская улица: 5, 6, 7, 8
11 метров
ДНП Лапландия
Набережная улица: 7, 9, 11, 13, 15, 16, 18, 20, 21, 10, 12, 14, 8
Заводская улица: 5, 6, 7, 8, 4, 3
12 метров
ДНП Лапландия
Набережная улица: 7, 9, 11, 13, 15, 16, 18, 20, 21, 10, 12, 14, 8
Заводская улица: 5, 6, 7, 8, 4, 3
