1 метр
Лесная улица: 32, 34
2 метра
Лесная улица: 32, 34,26, 28, 30, 24, 16, 14, 6А, 10, 23, 25, 27, 29
Заозёрная улица: 1, 2, 5, 10, 11
Улица Северный тракт: 37, 43, 41, 19
3 метра
Лесная улица: 32, 34,26, 28, 30, 24, 16, 14, 6А, 10, 23, 25, 27, 29, 15, 11, 9, 7, 8, 21, 20
Заозёрная улица: 1, 2, 5, 10, 11
Улица Северный тракт: 37, 43, 41, 19, 33
4 метра
Лесная улица: 32, 34,26, 28, 30, 24, 16, 14, 6А, 10, 23, 25, 27, 29, 15, 11, 9, 7, 8, 21, 20, 17
Заозёрная улица: 1, 2, 5, 10, 11
Улица Северный тракт: 37, 43, 41, 19, 33, 18, 16, 14, 14А, 11, 6, 7, 8
5 метров
Лесная улица: 32, 34,26, 28, 30, 24, 16, 14, 6А, 10, 23, 25, 27, 29, 15, 11, 9, 7, 8, 21, 20, 17, 1, 7А,
Заозёрная улица: 1, 2, 5, 10, 11
Улица Северный тракт: 37, 43, 41, 19, 33, 18, 16, 14, 14А, 11, 34, 26, 28, 24, 4, 25, 9, 6, 7, 8, 25
Строительный переулок:  5, 3, 7
6 метров
Лесная улица: 32, 34,26, 28, 30, 24, 16, 14, 6А, 10, 23, 25, 27, 29, 15, 11, 9, 7, 8, 21, 20, 17, 1, 7А, 3, 1А, 2
Заозёрная улица: 1, 2, 5, 10, 11
Улица Северный тракт: 37, 43, 41, 19, 33, 18, 16, 14, 14А, 11, 34, 26, 28, 24, 4, 25, 9, 6, 8, 7, 16А, 10
Строительный переулок: 5, 3, 7, 6, 9, 8, 11, 15, 13, 14, 17
Заводская улица: 6А, 3, 2, 5, 15, 19, 13, 17, 8
7 метров
Лесная улица: 32, 34,26, 28, 30, 24, 16, 14, 6А, 10, 23, 25, 27, 29, 15, 11, 9, 7, 8, 21, 20, 17, 1, 7А, 3, 1А, 2
Заозёрная улица: 1, 2, 5, 10, 11
Улица Северный тракт: 37, 43, 41, 19, 33, 18, 16, 14, 14А, 11, 34, 26, 28, 24, 4, 25, 9, 6, 8, 7, 16А, 10
Строительный переулок: 5, 3, 7, 6, 9, 8, 11, 15, 13, 14, 17
Заводская улица: 6А, 3, 2, 5, 15, 19, 13, 17, 8, 11, 11А, 30, 28, 18, 14, 10, 16А, 12
